duration: 1996605 microsec matrix size: 49 power: 2^8=256
1.57421
1.57526
1.57421
1.57427
1.57765
1.57552
1.57596
1.57753
1.57905
1.57905
1.5757
1.57618
1.57645
1.57482
1.57429
1.57504
1.57816
1.57903
1.57765
1.58028
1.57935
1.58044
1.57638
1.57823
1.57693
1.57786
1.57429
1.57491
1.57585
1.57868
1.57441
1.57701
1.5757
1.57561
1.57693
1.57582
1.57618
1.57459
1.57618
1.57832
1.57758
1.58052
1.58044
1.57421
1.58153
1.57765
1.57969
1.57738
1.57737
1.58052
1.57618
1.57963
1.57427
1.58008
1.57701
1.58008
1.57868
1.57582
1.57753
1.57758
1.57645
1.57701
1.57504
1.57421
