point,epsilon 0.3 sq,epsilon 0.05 sq,epsilon 0.3 quad,epsilon 0.05 quad
-3,0.0337781,0.00568795,0.000363637,1.68372e-06
-2.99,0.0340081,0.00572709,0.000368759,1.70744e-06
-2.98,0.0342404,0.00576664,0.000373971,1.73158e-06
-2.97,0.0344751,0.00580661,0.000379278,1.75615e-06
-2.96,0.0347122,0.00584699,0.000384679,1.78116e-06
-2.95,0.0349518,0.0058878,0.000390178,1.80663e-06
-2.94,0.035194,0.00592905,0.000395776,1.83255e-06
-2.93,0.0354386,0.00597073,0.000401477,1.85895e-06
-2.92,0.0356859,0.00601286,0.000407281,1.88583e-06
-2.91,0.0359357,0.00605544,0.000413191,1.9132e-06
-2.9,0.0361882,0.00609848,0.000419211,1.94108e-06
-2.89,0.0364434,0.00614199,0.000425341,1.96947e-06
-2.88,0.0367013,0.00618597,0.000431585,1.99838e-06
-2.87,0.036962,0.00623043,0.000437945,2.02784e-06
-2.86,0.0372255,0.00627537,0.000444424,2.05784e-06
-2.85,0.0374918,0.00632081,0.000451024,2.08841e-06
-2.84,0.037761,0.00636674,0.000457749,2.11955e-06
-2.83,0.0380331,0.00641319,0.000464601,2.15128e-06
-2.82,0.0383082,0.00646015,0.000471582,2.18362e-06
-2.81,0.0385864,0.00650763,0.000478697,2.21657e-06
-2.8,0.0388676,0.00655565,0.000485948,2.25015e-06
-2.79,0.0391518,0.00660421,0.000493338,2.28438e-06
-2.78,0.0394393,0.00665331,0.000500871,2.31926e-06
-2.77,0.0397299,0.00670297,0.00050855,2.35482e-06
-2.76,0.0400238,0.00675319,0.000516377,2.39108e-06
-2.75,0.040321,0.00680399,0.000524358,2.42804e-06
-2.74,0.0406215,0.00685537,0.000532496,2.46573e-06
-2.73,0.0409254,0.00690734,0.000540793,2.50416e-06
-2.72,0.0412328,0.00695991,0.000549255,2.54335e-06
-2.71,0.0415437,0.00701309,0.000557884,2.58332e-06
-2.7,0.0418581,0.00706689,0.000566686,2.62408e-06
-2.69,0.0421761,0.00712131,0.000575664,2.66567e-06
-2.68,0.0424978,0.00717638,0.000584823,2.70809e-06
-2.67,0.0428232,0.0072321,0.000594166,2.75136e-06
-2.66,0.0431524,0.00728847,0.000603699,2.79552e-06
-2.65,0.0434854,0.00734552,0.000613426,2.84057e-06
-2.64,0.0438223,0.00740324,0.000623353,2.88655e-06
-2.63,0.0441632,0.00746166,0.000633483,2.93347e-06
-2.62,0.0445081,0.00752078,0.000643823,2.98136e-06
-2.61,0.0448571,0.00758062,0.000654376,3.03025e-06
-2.6,0.0452102,0.00764118,0.00066515,3.08015e-06
-2.59,0.0455676,0.00770248,0.000676149,3.1311e-06
-2.58,0.0459292,0.00776453,0.000687379,3.18311e-06
-2.57,0.0462952,0.00782734,0.000698846,3.23623e-06
-2.56,0.0466656,0.00789093,0.000710557,3.29048e-06
-2.55,0.0470406,0.00795531,0.000722516,3.34588e-06
-2.54,0.04742,0.00802049,0.000734732,3.40246e-06
-2.53,0.0478042,0.00808649,0.00074721,3.46026e-06
-2.52,0.048193,0.00815331,0.000759958,3.51932e-06
-2.51,0.0485867,0.00822098,0.000772983,3.57965e-06
-2.5,0.0489852,0.0082895,0.000786291,3.6413e-06
-2.49,0.0493887,0.0083589,0.00079989,3.7043e-06
-2.48,0.0497973,0.00842919,0.000813789,3.76869e-06
-2.47,0.050211,0.00850037,0.000827996,3.8345e-06
-2.46,0.0506299,0.00857248,0.000842517,3.90177e-06
-2.45,0.0510541,0.00864552,0.000857363,3.97055e-06
-2.44,0.0514836,0.00871952,0.000872542,4.04087e-06
-2.43,0.0519187,0.00879448,0.000888063,4.11278e-06
-2.42,0.0523594,0.00887043,0.000903935,4.18631e-06
-2.41,0.0528058,0.00894738,0.000920169,4.26152e-06
-2.4,0.0532579,0.00902535,0.000936774,4.33846e-06
-2.39,0.0537159,0.00910436,0.000953761,4.41716e-06
-2.38,0.0541799,0.00918443,0.000971139,4.49768e-06
-2.37,0.05465,0.00926558,0.000988922,4.58007e-06
-2.36,0.0551263,0.00934782,0.00100712,4.66438e-06
-2.35,0.0556088,0.00943119,0.00102574,4.75067e-06
-2.34,0.0560979,0.00951569,0.00104481,4.839e-06
-2.33,0.0565934,0.00960135,0.00106432,4.92942e-06
-2.32,0.0570956,0.00968819,0.0010843,5.022e-06
-2.31,0.0576046,0.00977623,0.00110476,5.11679e-06
-2.3,0.0581204,0.0098655,0.00112571,5.21387e-06
-2.29,0.0586433,0.00995602,0.00114716,5.31329e-06
-2.28,0.0591734,0.0100478,0.00116914,5.41514e-06
-2.27,0.0597107,0.0101409,0.00119165,5.51947e-06
-2.26,0.0602554,0.0102353,0.00121472,5.62637e-06
-2.25,0.0608077,0.0103311,0.00123836,5.73592e-06
-2.24,0.0613677,0.0104282,0.00126258,5.84819e-06
-2.23,0.0619356,0.0105267,0.00128741,5.96326e-06
-2.22,0.0625114,0.0106267,0.00131287,6.08123e-06
-2.21,0.0630954,0.0107281,0.00133896,6.20218e-06
-2.2,0.0636876,0.010831,0.00136572,6.3262e-06
-2.19,0.0642884,0.0109354,0.00139316,6.45339e-06
-2.18,0.0648977,0.0110414,0.00142131,6.58384e-06
-2.17,0.0655159,0.0111489,0.00145018,6.71767e-06
-2.16,0.066143,0.0112581,0.0014798,6.85498e-06
-2.15,0.0667792,0.0113689,0.0015102,6.99588e-06
-2.14,0.0674248,0.0114813,0.00154139,7.14048e-06
-2.13,0.0680799,0.0115955,0.00157341,7.2889e-06
-2.12,0.0687446,0.0117114,0.00160627,7.44128e-06
-2.11,0.0694192,0.0118292,0.00164002,7.59772e-06
-2.1,0.0701039,0.0119487,0.00167467,7.75838e-06
-2.09,0.0707989,0.0120701,0.00171026,7.92339e-06
-2.08,0.0715044,0.0121933,0.00174682,8.09289e-06
-2.07,0.0722206,0.0123186,0.00178438,8.26704e-06
-2.06,0.0729477,0.0124458,0.00182297,8.44598e-06
-2.05,0.073686,0.012575,0.00186263,8.62989e-06
-2.04,0.0744356,0.0127063,0.00190339,8.81893e-06
-2.03,0.0751969,0.0128396,0.0019453,9.01328e-06
-2.02,0.07597,0.0129752,0.00198839,9.21312e-06
-2.01,0.0767553,0.013113,0.0020327,9.41864e-06
-2,0.0775529,0.013253,0.00207828,9.63004e-06
-1.99,0.0783632,0.0133953,0.00212517,9.84753e-06
-1.98,0.0791863,0.01354,0.00217342,1.00713e-05
-1.97,0.0800226,0.0136871,0.00222307,1.03016e-05
-1.96,0.0808724,0.0138366,0.00227417,1.05387e-05
-1.95,0.081736,0.0139887,0.00232678,1.07828e-05
-1.94,0.0826136,0.0141433,0.00238096,1.10342e-05
-1.93,0.0835056,0.0143006,0.00243675,1.1293e-05
-1.92,0.0844123,0.0144606,0.00249422,1.15597e-05
-1.91,0.085334,0.0146234,0.00255344,1.18345e-05
-1.9,0.0862711,0.014789,0.00261446,1.21177e-05
-1.89,0.0872238,0.0149575,0.00267735,1.24095e-05
-1.88,0.0881926,0.015129,0.00274218,1.27105e-05
-1.87,0.0891778,0.0153035,0.00280904,1.30208e-05
-1.86,0.0901799,0.0154811,0.00287798,1.33409e-05
-1.85,0.0911991,0.0156619,0.00294911,1.36711e-05
-1.84,0.0922359,0.015846,0.0030225,1.40118e-05
-1.83,0.0932906,0.0160334,0.00309823,1.43634e-05
-1.82,0.0943638,0.0162243,0.00317641,1.47265e-05
-1.81,0.0954559,0.0164187,0.00325713,1.51013e-05
-1.8,0.0965672,0.0166167,0.00334048,1.54885e-05
-1.79,0.0976983,0.0168184,0.00342659,1.58884e-05
-1.78,0.0988497,0.017024,0.00351555,1.63017e-05
-1.77,0.100022,0.0172334,0.00360749,1.67288e-05
-1.76,0.101215,0.0174468,0.00370253,1.71704e-05
-1.75,0.10243,0.0176643,0.00380079,1.76271e-05
-1.74,0.103667,0.017886,0.00390242,1.80994e-05
-1.73,0.104928,0.0181121,0.00400755,1.85881e-05
-1.72,0.106211,0.0183426,0.00411634,1.90938e-05
-1.71,0.107519,0.0185777,0.00422894,1.96173e-05
-1.7,0.108851,0.0188174,0.00434551,2.01594e-05
-1.69,0.110208,0.019062,0.00446624,2.07209e-05
-1.68,0.111592,0.0193116,0.00459129,2.13025e-05
-1.67,0.113001,0.0195662,0.00472087,2.19054e-05
-1.66,0.114438,0.0198261,0.00485518,2.25303e-05
-1.65,0.115903,0.0200913,0.00499442,2.31783e-05
-1.64,0.117397,0.0203621,0.00513883,2.38505e-05
-1.63,0.11892,0.0206386,0.00528863,2.45479e-05
-1.62,0.120474,0.0209209,0.00544409,2.52718e-05
-1.61,0.122058,0.0212093,0.00560546,2.60234e-05
-1.6,0.123674,0.0215039,0.00577302,2.6804e-05
-1.59,0.125323,0.0218049,0.00594707,2.76149e-05
-1.58,0.127006,0.0221126,0.00612792,2.84578e-05
-1.57,0.128723,0.022427,0.00631589,2.93341e-05
-1.56,0.130476,0.0227484,0.00651133,3.02455e-05
-1.55,0.132265,0.023077,0.00671461,3.11937e-05
-1.54,0.134092,0.0234131,0.00692612,3.21805e-05
-1.53,0.135957,0.0237569,0.00714628,3.32081e-05
-1.52,0.137862,0.0241085,0.00737552,3.42783e-05
-1.51,0.139808,0.0244684,0.0076143,3.53935e-05
-1.5,0.141796,0.0248368,0.00786311,3.65559e-05
-1.49,0.143828,0.0252138,0.00812249,3.77682e-05
-1.48,0.145903,0.0255999,0.00839298,3.90329e-05
-1.47,0.148025,0.0259952,0.00867518,4.03528e-05
-1.46,0.150194,0.0264003,0.0089697,4.17311e-05
-1.45,0.152411,0.0268152,0.00927724,4.31709e-05
-1.44,0.154679,0.0272405,0.00959848,4.46756e-05
-1.43,0.156998,0.0276764,0.00993419,4.62489e-05
-1.42,0.159371,0.0281233,0.0102852,4.78946e-05
-1.41,0.161798,0.0285817,0.0106523,4.96171e-05
-1.4,0.164282,0.0290519,0.0110365,5.14207e-05
-1.39,0.166824,0.0295343,0.0114388,5.33103e-05
-1.38,0.169427,0.0300295,0.0118601,5.52908e-05
-1.37,0.172092,0.0305378,0.0123017,5.7368e-05
-1.36,0.17482,0.0310598,0.0127646,5.95476e-05
-1.35,0.177615,0.031596,0.0132503,6.18359e-05
-1.34,0.180479,0.0321469,0.0137601,6.42399e-05
-1.33,0.183412,0.0327131,0.0142955,6.67668e-05
-1.32,0.186419,0.0332952,0.014858,6.94245e-05
-1.31,0.189501,0.0338939,0.0154494,7.22215e-05
-1.3,0.192661,0.0345097,0.0160715,7.51669e-05
-1.29,0.195902,0.0351434,0.0167263,7.82708e-05
-1.28,0.199226,0.0357957,0.0174159,8.15438e-05
-1.27,0.202636,0.0364675,0.0181426,8.49975e-05
-1.26,0.206135,0.0371594,0.0189089,8.86444e-05
-1.25,0.209726,0.0378724,0.0197174,9.24982e-05
-1.24,0.213413,0.0386074,0.0205709,9.65737e-05
-1.23,0.217198,0.0393653,0.0214727,0.000100887
-1.22,0.221086,0.0401472,0.0224261,0.000105455
-1.21,0.22508,0.0409542,0.0234346,0.000110298
-1.2,0.229184,0.0417873,0.0245023,0.000115436
-1.19,0.233401,0.0426479,0.0256333,0.000120892
-1.18,0.237737,0.0435371,0.0268324,0.00012669
-1.17,0.242195,0.0444563,0.0281045,0.000132858
-1.16,0.246781,0.0454071,0.029455,0.000139427
-1.15,0.251497,0.0463909,0.03089,0.000146427
-1.14,0.256351,0.0474094,0.0324158,0.000153897
-1.13,0.261347,0.0484643,0.0340395,0.000161874
-1.12,0.26649,0.0495575,0.0357686,0.000170405
-1.11,0.271786,0.0506911,0.0376114,0.000179536
-1.1,0.277241,0.0518671,0.0395771,0.000189322
-1.09,0.282861,0.0530879,0.0416755,0.000199822
-1.08,0.288653,0.0543558,0.0439172,0.000211103
-1.07,0.294623,0.0556736,0.0463142,0.000223238
-1.06,0.300779,0.0570441,0.0488791,0.000236311
-1.05,0.307127,0.0584703,0.0516259,0.000250413
-1.04,0.313676,0.0599555,0.0545698,0.000265647
-1.03,0.320434,0.0615033,0.0577273,0.00028213
-1.02,0.327409,0.0631174,0.0611167,0.000299993
-1.01,0.33461,0.0648021,0.0647574,0.000319382
-1,0.342045,0.0665618,0.0686709,0.000340465
-0.99,0.349726,0.0684014,0.0728803,0.000363431
-0.98,0.357661,0.0703262,0.0774109,0.000388495
-0.97,0.365861,0.072342,0.0822896,0.000415904
-0.96,0.374336,0.0744551,0.0875459,0.000445938
-0.95,0.383099,0.0766724,0.0932112,0.000478921
-0.94,0.39216,0.0790014,0.0993192,0.000515224
-0.93,0.401532,0.0814506,0.105906,0.000555277
-0.92,0.411228,0.0840289,0.113009,0.000599579
-0.91,0.42126,0.0867466,0.120668,0.00064871
-0.9,0.431641,0.0896147,0.128925,0.000703349
-0.89,0.442387,0.0926456,0.137823,0.000764293
-0.88,0.45351,0.0958531,0.147405,0.000832482
-0.87,0.465026,0.0992525,0.157715,0.00090903
-0.86,0.476949,0.102861,0.168797,0.000995262
-0.85,0.489295,0.106698,0.180692,0.00109277
-0.84,0.50208,0.110784,0.19344,0.00120346
-0.83,0.515318,0.115145,0.207076,0.00132965
-0.82,0.529026,0.119808,0.22163,0.00147417
-0.81,0.54322,0.124804,0.237126,0.00164048
-0.8,0.557915,0.13017,0.25358,0.00183287
-0.79,0.573126,0.135947,0.270999,0.00205668
-0.78,0.588868,0.142183,0.289383,0.00231862
-0.77,0.605157,0.148932,0.308718,0.0026272
-0.76,0.622005,0.156259,0.328983,0.00299333
-0.75,0.639425,0.164241,0.350144,0.00343113
-0.74,0.657429,0.172965,0.37216,0.00395907
-0.73,0.676026,0.182537,0.394981,0.00460169
-0.72,0.695225,0.193084,0.41855,0.00539195
-0.71,0.715032,0.204757,0.442809,0.00637486
-0.7,0.73545,0.217741,0.467692,0.00761289
-0.69,0.75648,0.23226,0.493137,0.00919436
-0.68,0.778121,0.248595,0.519083,0.0112466
-0.67,0.800367,0.26709,0.545473,0.0139575
-0.66,0.823209,0.288182,0.572254,0.0176105
-0.65,0.846634,0.312423,0.599384,0.0226453
-0.64,0.870625,0.340521,0.626824,0.0297619
-0.63,0.895161,0.373391,0.654547,0.0401058
-0.62,0.920217,0.412215,0.682534,0.0555939
-0.61,0.945761,0.458528,0.710772,0.0794662
-0.6,0.971761,0.514298,0.739257,0.117071
-0.59,0.998178,0.581972,0.767993,0.176316
-0.58,1.02497,0.664376,0.796987,0.265268
-0.57,1.05209,0.764254,0.826252,0.382694
-0.56,1.07949,0.883049,0.855804,0.51019
-0.55,1.10713,1.01877,0.88566,0.633528
-0.54,1.13493,1.16416,0.915837,0.766676
-0.53,1.16287,1.30856,0.946351,0.926026
-0.52,1.19087,1.4451,0.977214,1.10327
-0.51,1.2189,1.57497,1.00843,1.27938
-0.5,1.24688,1.70096,1.04002,1.43221
-0.49,1.27479,1.81992,1.07195,1.54301
-0.48,1.30256,1.9247,1.10424,1.62028
-0.47,1.33016,2.00915,1.13685,1.68185
-0.46,1.35754,2.06961,1.16978,1.72327
-0.45,1.38467,2.10605,1.20298,1.73142
-0.44,1.41152,2.12291,1.23643,1.72458
-0.43,1.43805,2.12826,1.27008,1.73339
-0.42,1.46424,2.13234,1.30389,1.75904
-0.41,1.49007,2.14641,1.3378,1.76299
-0.4,1.51552,2.17668,1.37177,1.72267
-0.39,1.54058,2.21539,1.40573,1.66975
-0.38,1.56523,2.24413,1.43959,1.64997
-0.37,1.58947,2.25265,1.4733,1.67869
-0.36,1.61329,2.24988,1.50674,1.72325
-0.35,1.63668,2.25105,1.53984,1.72668
-0.34,1.65963,2.26084,1.57249,1.66485
-0.33,1.68215,2.27379,1.6046,1.59497
-0.32,1.70421,2.28561,1.63605,1.58346
-0.31,1.72583,2.30039,1.66676,1.62625
-0.3,1.74698,2.32954,1.69663,1.6901
-0.29,1.76767,2.38328,1.72559,1.7748
-0.28,1.78788,2.46278,1.75355,1.88646
-0.27,1.80761,2.56166,1.78048,2.00917
-0.26,1.82684,2.66988,1.80631,2.11295
-0.25,1.84557,2.77074,1.83103,2.16867
-0.24,1.86378,2.84047,1.8546,2.16967
-0.23,1.88145,2.85984,1.87703,2.14696
-0.22,1.89859,2.82845,1.89832,2.13748
-0.21,1.91515,2.76743,1.91847,2.13604
-0.2,1.93114,2.70883,1.93749,2.10672
-0.19,1.94653,2.68063,1.95542,2.0306
-0.18,1.9613,2.69419,1.97227,1.93725
-0.17,1.97543,2.74194,1.98807,1.88935
-0.16,1.98891,2.80846,2.00284,1.94499
-0.15,2.0017,2.88535,2.01661,2.1006
-0.14,2.01379,2.97571,2.02941,2.29385
-0.13,2.02515,3.08352,2.04126,2.46437
-0.12,2.03576,3.20024,2.05218,2.57457
-0.11,2.0456,3.30518,2.0622,2.61464
-0.1,2.05464,3.37718,2.07134,2.62021
-0.09,2.06287,3.40302,2.07962,2.63703
-0.08,2.07027,3.38377,2.08707,2.6787
-0.07,2.07683,3.34094,2.09369,2.73031
-0.06,2.08252,3.30862,2.09952,2.75853
-0.05,2.08733,3.31102,2.10455,2.73796
-0.04,2.09126,3.34669,2.10882,2.68257
-0.03,2.0943,3.39372,2.11231,2.62846
-0.02,2.09645,3.42784,2.11504,2.60474
-0.01,2.09769,3.43391,2.117,2.61237
0,2.09805,3.40878,2.11819,2.64114
0.01,2.09751,3.36358,2.11858,2.68678
0.02,2.09609,3.32042,2.11815,2.72566
0.03,2.0938,3.30001,2.11687,2.71169
0.04,2.09065,3.30643,2.11471,2.64199
0.05,2.08665,3.32187,2.1116,2.56396
0.06,2.08182,3.32092,2.10752,2.52558
0.07,2.07618,3.29142,2.10241,2.54604
0.08,2.06974,3.2394,2.09622,2.58116
0.09,2.06253,3.17847,2.08891,2.5548
0.1,2.05456,3.11813,2.08046,2.45291
0.11,2.04586,3.05797,2.07085,2.32042
0.12,2.03644,2.99159,2.06007,2.19484
0.13,2.02632,2.91748,2.04812,2.10445
0.14,2.01553,2.8433,2.03502,2.06243
0.15,2.00408,2.78089,2.02081,2.0418
0.16,1.99198,2.74147,2.00551,2.01809
0.17,1.97925,2.73039,1.98918,1.99827
0.18,1.96591,2.742,1.97187,1.9901
0.19,1.95195,2.76297,1.95362,1.99816
0.2,1.9374,2.78102,1.93448,2.03035
0.21,1.92227,2.7897,1.9145,2.07618
0.22,1.90655,2.78815,1.89372,2.11831
0.23,1.89026,2.77936,1.87218,2.1529
0.24,1.87341,2.7683,1.84991,2.17345
0.25,1.856,2.75972,1.82692,2.17609
0.26,1.83804,2.75477,1.80325,2.16993
0.27,1.81954,2.74933,1.77891,2.16938
0.28,1.80052,2.73824,1.75391,2.18009
0.29,1.78097,2.71988,1.72827,2.20106
0.3,1.76092,2.69468,1.70201,2.21369
0.31,1.74039,2.66097,1.67514,2.19321
0.32,1.71937,2.61401,1.64768,2.12574
0.33,1.6979,2.54737,1.61965,2.013
0.34,1.676,2.45527,1.59107,1.87226
0.35,1.65367,2.33634,1.56197,1.7308
0.36,1.63095,2.19872,1.53238,1.60823
0.37,1.60784,2.0612,1.50232,1.5026
0.38,1.58438,1.94564,1.47183,1.39022
0.39,1.56058,1.86526,1.44093,1.25956
0.4,1.53646,1.81897,1.40968,1.14919
0.41,1.51204,1.79587,1.3781,1.11779
0.42,1.48734,1.78722,1.34624,1.18391
0.43,1.46237,1.79403,1.31414,1.30131
0.44,1.43716,1.82044,1.28185,1.3934
0.45,1.41172,1.86038,1.24942,1.42835
0.46,1.38607,1.89377,1.21688,1.43688
0.47,1.36022,1.89871,1.18431,1.44747
0.48,1.3342,1.86776,1.15173,1.45832
0.49,1.30803,1.80913,1.11922,1.45833
0.5,1.28173,1.7354,1.08681,1.43647
0.51,1.25532,1.65876,1.05457,1.39803
0.52,1.22884,1.59165,1.02255,1.35619
0.53,1.20231,1.54095,0.9908,1.30235
0.54,1.17576,1.50035,0.959368,1.21704
0.55,1.14923,1.45236,0.928303,1.11072
0.56,1.12275,1.3794,0.897645,1.01388
0.57,1.09637,1.27411,0.86743,0.932288
0.58,1.07011,1.1426,0.837686,0.843163
0.59,1.04403,1.00068,0.808431,0.725977
0.6,1.01816,0.864835,0.779675,0.582445
0.61,0.992535,0.745112,0.751421,0.429075
0.62,0.967206,0.644525,0.723661,0.292695
0.63,0.942206,0.561877,0.696383,0.192102
0.64,0.917571,0.494387,0.669571,0.126118
0.65,0.893336,0.439115,0.643206,0.084663
0.66,0.869532,0.393506,0.617268,0.0585753
0.67,0.846186,0.355506,0.591742,0.041796
0.68,0.823324,0.323517,0.566617,0.0306895
0.69,0.800968,0.296315,0.541886,0.023118
0.7,0.779135,0.272958,0.517552,0.0178105
0.71,0.757841,0.252721,0.493623,0.0139944
0.72,0.737095,0.235042,0.470115,0.0111875
0.73,0.716907,0.21948,0.447053,0.00908032
0.74,0.69728,0.205687,0.424467,0.00746953
0.75,0.678217,0.193383,0.402391,0.00621805
0.76,0.659717,0.182346,0.380866,0.00523146
0.77,0.641777,0.172392,0.359935,0.00444347
0.78,0.624392,0.163373,0.339639,0.00380661
0.79,0.607553,0.155164,0.320022,0.00328635
0.8,0.591253,0.147662,0.301124,0.0028572
0.81,0.575482,0.140781,0.28298,0.00250003
0.82,0.560227,0.134449,0.265621,0.00220034
0.83,0.545478,0.128602,0.24907,0.001947
0.84,0.531219,0.123188,0.233343,0.00173136
0.85,0.517439,0.118161,0.218448,0.00154663
0.86,0.504124,0.113481,0.204384,0.00138745
0.87,0.491258,0.109115,0.191142,0.00124954
0.88,0.478828,0.105032,0.178708,0.00112943
0.89,0.466819,0.101207,0.16706,0.00102434
0.9,0.455218,0.0976148,0.156171,0.000931981
0.91,0.444009,0.0942363,0.146009,0.000850465
0.92,0.433178,0.0910533,0.136541,0.00077824
0.93,0.422713,0.0880495,0.12773,0.000714013
0.94,0.4126,0.0852105,0.119539,0.000656701
0.95,0.402825,0.0825234,0.111931,0.000605391
0.96,0.393376,0.0799766,0.104868,0.000559313
0.97,0.38424,0.0775597,0.0983123,0.000517814
0.98,0.375406,0.0752633,0.0922297,0.000480334
0.99,0.366861,0.0730787,0.086586,0.000446397
1,0.358595,0.0709983,0.0813487,0.000415591
1.01,0.350597,0.069015,0.0764876,0.00038756
1.02,0.342856,0.0671224,0.0719741,0.000361998
1.03,0.335363,0.0653145,0.0677814,0.000338637
1.04,0.328108,0.063586,0.0638849,0.000317243
1.05,0.321081,0.0619319,0.0602614,0.000297614
1.06,0.314274,0.0603478,0.0568897,0.000279569
1.07,0.307678,0.0588293,0.0537503,0.000262952
1.08,0.301285,0.0573728,0.0508249,0.000247623
1.09,0.295087,0.0559745,0.0480971,0.000233459
1.1,0.289077,0.0546313,0.0455515,0.000220351
1.11,0.283248,0.05334,0.0431741,0.000208203
1.12,0.277592,0.0520978,0.040952,0.000196926
1.13,0.272104,0.0509022,0.0388735,0.000186446
1.14,0.266776,0.0497506,0.0369276,0.000176691
1.15,0.261604,0.0486407,0.0351044,0.000167601
1.16,0.25658,0.0475705,0.0333949,0.000159119
1.17,0.2517,0.0465379,0.0317907,0.000151195
1.18,0.246958,0.0455411,0.030284,0.000143785
1.19,0.24235,0.0445784,0.0288679,0.000136846
1.2,0.23787,0.0436481,0.0275359,0.000130342
1.21,0.233514,0.0427487,0.0262819,0.00012424
1.22,0.229277,0.0418787,0.0251006,0.000118509
1.23,0.225155,0.0410369,0.0239869,0.000113121
1.24,0.221144,0.0402219,0.0229362,0.00010805
1.25,0.21724,0.0394325,0.0219441,0.000103274
1.26,0.21344,0.0386677,0.0210068,9.87722e-05
1.27,0.209739,0.0379263,0.0201205,9.45244e-05
1.28,0.206135,0.0372074,0.0192821,9.05131e-05
1.29,0.202624,0.03651,0.0184882,8.67222e-05
1.3,0.199202,0.0358332,0.0177361,8.31368e-05
1.31,0.195868,0.0351761,0.0170231,7.97431e-05
1.32,0.192618,0.034538,0.0163468,7.65286e-05
1.33,0.189448,0.0339182,0.0157049,7.34816e-05
1.34,0.186358,0.0333158,0.0150951,7.05914e-05
1.35,0.183343,0.0327302,0.0145157,6.7848e-05
1.36,0.180401,0.0321608,0.0139647,6.52423e-05
1.37,0.177531,0.0316069,0.0134405,6.27657e-05
1.38,0.17473,0.0310679,0.0129415,6.04105e-05
1.39,0.171995,0.0305433,0.0124662,5.81692e-05
1.4,0.169325,0.0300326,0.0120132,5.60352e-05
1.41,0.166717,0.0295353,0.0115813,5.4002e-05
1.42,0.16417,0.0290508,0.0111692,5.20639e-05
1.43,0.161682,0.0285787,0.010776,5.02154e-05
1.44,0.159251,0.0281186,0.0104004,4.84514e-05
1.45,0.156875,0.02767,0.0100416,4.67672e-05
1.46,0.154552,0.0272326,0.00969863,4.51582e-05
1.47,0.152281,0.0268059,0.00937065,4.36205e-05
1.48,0.150061,0.0263897,0.00905685,4.21501e-05
1.49,0.147889,0.0259835,0.0087565,4.07434e-05
1.5,0.145765,0.025587,0.00846889,3.93971e-05
1.51,0.143688,0.0251999,0.00819336,3.81079e-05
1.52,0.141654,0.024822,0.00792929,3.68728e-05
1.53,0.139665,0.0244528,0.0076761,3.56892e-05
1.54,0.137717,0.0240921,0.00743325,3.45543e-05
1.55,0.135811,0.0237397,0.00720022,3.34657e-05
1.56,0.133944,0.0233953,0.00697652,3.24211e-05
1.57,0.132117,0.0230586,0.00676171,3.14183e-05
1.58,0.130326,0.0227294,0.00655534,3.04553e-05
1.59,0.128573,0.0224075,0.00635702,2.95301e-05
1.6,0.126855,0.0220926,0.00616637,2.86409e-05
1.61,0.125172,0.0217846,0.00598301,2.7786e-05
1.62,0.123523,0.0214832,0.00580662,2.69637e-05
1.63,0.121906,0.0211883,0.00563687,2.61726e-05
1.64,0.120322,0.0208996,0.00547345,2.54112e-05
1.65,0.118768,0.020617,0.00531607,2.46782e-05
1.66,0.117245,0.0203403,0.00516447,2.39722e-05
1.67,0.115752,0.0200693,0.00501838,2.3292e-05
1.68,0.114287,0.0198038,0.00487757,2.26365e-05
1.69,0.11285,0.0195438,0.00474179,2.20045e-05
1.7,0.111441,0.0192891,0.00461084,2.13951e-05
1.71,0.110058,0.0190394,0.00448449,2.08073e-05
1.72,0.108701,0.0187948,0.00436256,2.02401e-05
1.73,0.107369,0.0185549,0.00424485,1.96926e-05
1.74,0.106062,0.0183198,0.00413119,1.91641e-05
1.75,0.104779,0.0180893,0.0040214,1.86536e-05
1.76,0.10352,0.0178632,0.00391533,1.81605e-05
1.77,0.102283,0.0176414,0.00381283,1.7684e-05
1.78,0.101069,0.0174239,0.00371374,1.72235e-05
1.79,0.0998763,0.0172105,0.00361793,1.67782e-05
1.8,0.098705,0.0170011,0.00352526,1.63476e-05
1.81,0.0975545,0.0167957,0.00343562,1.59311e-05
1.82,0.0964242,0.016594,0.00334888,1.55281e-05
1.83,0.0953138,0.0163961,0.00326492,1.51382e-05
1.84,0.0942226,0.0162017,0.00318364,1.47606e-05
1.85,0.0931503,0.0160109,0.00310493,1.43951e-05
1.86,0.0920965,0.0158236,0.0030287,1.40411e-05
1.87,0.0910606,0.0156396,0.00295485,1.36982e-05
1.88,0.0900424,0.0154589,0.00288328,1.33659e-05
1.89,0.0890413,0.0152814,0.00281392,1.30439e-05
1.9,0.0880571,0.015107,0.00274668,1.27318e-05
1.91,0.0870893,0.0149356,0.00268149,1.24291e-05
1.92,0.0861375,0.0147672,0.00261825,1.21356e-05
1.93,0.0852015,0.0146018,0.00255691,1.18509e-05
1.94,0.0842808,0.0144391,0.0024974,1.15748e-05
1.95,0.0833752,0.0142793,0.00243965,1.13067e-05
1.96,0.0824842,0.0141221,0.00238359,1.10466e-05
1.97,0.0816076,0.0139676,0.00232916,1.07941e-05
1.98,0.0807451,0.0138156,0.00227632,1.05489e-05
1.99,0.0798963,0.0136662,0.00222499,1.03108e-05
2,0.0790611,0.0135193,0.00217514,1.00795e-05
2.01,0.0782389,0.0133748,0.0021267,9.8548e-06
2.02,0.0774297,0.0132326,0.00207963,9.63646e-06
2.03,0.0766332,0.0130927,0.00203388,9.42425e-06
2.04,0.075849,0.0129551,0.0019894,9.21798e-06
2.05,0.0750769,0.0128197,0.00194616,9.01743e-06
2.06,0.0743166,0.0126865,0.00190412,8.82242e-06
2.07,0.073568,0.0125554,0.00186322,8.63276e-06
2.08,0.0728308,0.0124263,0.00182343,8.44827e-06
2.09,0.0721047,0.0122993,0.00178473,8.26878e-06
2.1,0.0713896,0.0121742,0.00174706,8.09413e-06
2.11,0.0706851,0.0120511,0.0017104,7.92415e-06
2.12,0.0699911,0.0119298,0.00167472,7.7587e-06
2.13,0.0693074,0.0118105,0.00163998,7.59762e-06
2.14,0.0686338,0.0116929,0.00160615,7.44079e-06
2.15,0.0679701,0.0115772,0.0015732,7.28805e-06
2.16,0.067316,0.0114631,0.00154112,7.13929e-06
2.17,0.0666714,0.0113508,0.00150985,6.99437e-06
2.18,0.0660362,0.0112402,0.0014794,6.85318e-06
2.19,0.0654101,0.0111312,0.00144972,6.71559e-06
2.2,0.0647929,0.0110238,0.00142079,6.58151e-06
2.21,0.0641845,0.010918,0.00139259,6.45081e-06
2.22,0.0635847,0.0108137,0.00136511,6.3234e-06
2.23,0.0629934,0.010711,0.0013383,6.19918e-06
2.24,0.0624104,0.0106097,0.00131217,6.07804e-06
2.25,0.0618355,0.0105099,0.00128668,5.9599e-06
2.26,0.0612686,0.0104115,0.00126181,5.84466e-06
2.27,0.0607095,0.0103145,0.00123756,5.73224e-06
2.28,0.0601581,0.0102189,0.00121389,5.62256e-06
2.29,0.0596143,0.0101247,0.0011908,5.51553e-06
2.3,0.0590778,0.0100317,0.00116826,5.41108e-06
2.31,0.0585487,0.00994009,0.00114626,5.30913e-06
2.32,0.0580267,0.00984972,0.00112478,5.20961e-06
2.33,0.0575117,0.00976059,0.00110381,5.11245e-06
2.34,0.0570036,0.00967269,0.00108334,5.01758e-06
2.35,0.0565023,0.00958599,0.00106334,4.92493e-06
2.36,0.0560076,0.00950047,0.00104382,4.83444e-06
2.37,0.0555194,0.00941611,0.00102474,4.74606e-06
2.38,0.0550377,0.00933289,0.00100611,4.65972e-06
2.39,0.0545622,0.00925078,0.000987901,4.57536e-06
2.4,0.054093,0.00916977,0.000970111,4.49293e-06
2.41,0.0536298,0.00908984,0.000952725,4.41238e-06
2.42,0.0531726,0.00901096,0.000935733,4.33365e-06
2.43,0.0527213,0.00893312,0.000919123,4.2567e-06
2.44,0.0522757,0.0088563,0.000902885,4.18147e-06
2.45,0.0518358,0.00878048,0.00088701,4.10792e-06
2.46,0.0514015,0.00870565,0.000871487,4.036e-06
2.47,0.0509727,0.00863179,0.000856307,3.96567e-06
2.48,0.0505492,0.00855887,0.000841461,3.89689e-06
2.49,0.0501311,0.00848689,0.000826939,3.82962e-06
2.5,0.0497182,0.00841582,0.000812734,3.76381e-06
2.51,0.0493104,0.00834566,0.000798836,3.69943e-06
2.52,0.0489076,0.00827639,0.000785238,3.63644e-06
2.53,0.0485098,0.00820798,0.000771933,3.5748e-06
2.54,0.0481168,0.00814044,0.000758912,3.51448e-06
2.55,0.0477287,0.00807373,0.000746167,3.45544e-06
2.56,0.0473452,0.00800785,0.000733693,3.39766e-06
2.57,0.0469665,0.00794279,0.000721482,3.34109e-06
2.58,0.0465922,0.00787853,0.000709527,3.28571e-06
2.59,0.0462225,0.00781505,0.000697821,3.23149e-06
2.6,0.0458572,0.00775235,0.00068636,3.1784e-06
2.61,0.0454962,0.00769041,0.000675135,3.12641e-06
2.62,0.0451395,0.00762922,0.000664142,3.07549e-06
2.63,0.044787,0.00756877,0.000653375,3.02561e-06
2.64,0.0444387,0.00750905,0.000642828,2.97676e-06
2.65,0.0440944,0.00745003,0.000632495,2.9289e-06
2.66,0.0437541,0.00739172,0.000622371,2.88201e-06
2.67,0.0434179,0.0073341,0.000612452,2.83606e-06
2.68,0.0430854,0.00727716,0.000602732,2.79104e-06
2.69,0.0427569,0.00722089,0.000593206,2.74692e-06
2.7,0.0424321,0.00716527,0.000583871,2.70368e-06
2.71,0.042111,0.00711031,0.00057472,2.6613e-06
2.72,0.0417935,0.00705598,0.000565749,2.61975e-06
2.73,0.0414797,0.00700228,0.000556956,2.57902e-06
2.74,0.0411694,0.0069492,0.000548334,2.53909e-06
2.75,0.0408626,0.00689672,0.00053988,2.49994e-06
2.76,0.0405593,0.00684485,0.000531591,2.46154e-06
2.77,0.0402593,0.00679357,0.000523462,2.42389e-06
2.78,0.0399627,0.00674286,0.000515489,2.38697e-06
2.79,0.0396694,0.00669273,0.00050767,2.35075e-06
2.8,0.0393793,0.00664317,0.000499999,2.31523e-06
2.81,0.0390924,0.00659415,0.000492475,2.28038e-06
2.82,0.0388086,0.00654569,0.000485093,2.24619e-06
2.83,0.038528,0.00649776,0.00047785,2.21265e-06
2.84,0.0382503,0.00645036,0.000470744,2.17974e-06
2.85,0.0379758,0.00640349,0.000463771,2.14744e-06
2.86,0.0377041,0.00635713,0.000456927,2.11575e-06
2.87,0.0374354,0.00631128,0.000450211,2.08465e-06
2.88,0.0371696,0.00626593,0.000443619,2.05412e-06
2.89,0.0369066,0.00622107,0.000437148,2.02415e-06
2.9,0.0366464,0.00617669,0.000430797,1.99473e-06
2.91,0.036389,0.0061328,0.000424561,1.96586e-06
2.92,0.0361343,0.00608937,0.000418439,1.9375e-06
2.93,0.0358823,0.00604641,0.000412428,1.90967e-06
2.94,0.0356329,0.00600391,0.000406525,1.88233e-06
2.95,0.0353861,0.00596186,0.000400729,1.85549e-06
2.96,0.0351419,0.00592025,0.000395037,1.82913e-06
2.97,0.0349002,0.00587908,0.000389447,1.80324e-06
2.98,0.0346611,0.00583835,0.000383956,1.77781e-06
2.99,0.0344244,0.00579804,0.000378562,1.75284e-06
3,0.0341901,0.00575815,0.000373264,1.7283e-06
